Best hyperparameters found were:
{
    "hidden_size": 108,
    "learning_rate": 0.008918189072731406,
    "num_encoder_layers": 2,
    "num_decoder_layers": 1,
    "dropout": 0.0029895822505468187
}