Best hyperparameters found were:
{
    "hidden_size": 129,
    "learning_rate": 0.0038392226258731166,
    "num_encoder_layers": 2,
    "num_decoder_layers": 1,
    "dropout": 0.07213924235794222
}